1035203688168086460
778763161265841481
890095002328610853
1211752161700087083
1208110531299974704
984106517828363349
1217481301531252836
1217053085715485107
1209986153083335158
1209701993929426029
784448220678228461
800815864899415771
858143367356468985
1173191692359768703
831698976089873405
878585965681562011
768365747273056340
1121065701252736567
1207810684945289418
1207881392795122938
887892609124245416
886554014393250663
855517047816771255
1209707891179706483
903303571898472063
931906394678748246
836596421863073964
775789888359782610
1215248354808482218
1209371598104774338
1216002297485668740
1209167957500972561
805195278314519508
883778082594341562
894552273937682724
880534892514982400
1216056004395666907
931512007012650048
1014241558898418245
830510773896272856
832911648132248625
852445385275060830
1204216495486020583
1202590530137253284
900479694578549256
1209181953593935396
1211744623968867617
1215522045161191128
912837788133317724
1171268006329210940
1214993933751338091
1206980514047045812
839558611085349133
807688557354960949
848318135747364351
1214601013410613826
786708730400780813
876011931103651101
829741575478342595
1201748826807595380
1211745813012367650
1217619565147809091
893381127703378146
1000311109311441524
834587122842084475
1020079203222518115
903830135544202908
867135839870202854
1155152691809198766
1218475147590908410
1030350068466019692
768726574016795759
1211496760137689113
1209298089352036994
787036571667088922
916836509871353159
1218459870970248677
1209296385911088767
857042825430121164
1114001199549197320
832800692655327277
1209089636584712632
1215693592530119663
768809027799962739
812094552036190486
823180444425004744
1216043752712853958
833515051385038928
913339145625776252
836835755999342788
1100581138025393004
897139539460204942
860753592237372239
809865700885504168
902916014302207596
768076317731510334
946809607056414616
777205710295345433
849342658995967505
878318142103232907
1019677205098431673
789166775630186057
882888114457713282
917777039353073016
776004440443044051
937774188065101204
978009302809014736
855530921435605688
1078092050664989246
832634397112145954
898121305391200697
897970978326344112
906159169146029844
952131925958384905
777098881940669714
843916328104333682
886999666531731323
1079620626888497486
1088059168988686975
971408767069651759
918189250907220365
806626024182535168
900420181088314885
831970552583056395
892528949344124083
827876058453173134
838085275736757482
831889015869671429
905730286078574330
857332868558500566
1138254942249677742
1150897317533332617
852455074698003039
836828295772957889
812721945562507554
1122167340874425914
1018477313212753754
898186441853776318
836606323472757934
817668228861623746
928108847914589057
1026096682803605870
1053279236128724321
876022745968684318
866420896007969754
805089637593404349
881125066139457061
839420676062339332
819944587060250168
896650770708888947
854767373644076713
829177623045431222
902569748938803801
898096768838677942
861577994110006119
880472656109554171
880778781155864075
857042449394640587
958423903283802665
881830156311997001
769694576496801916
911320742349428744
1053279585699097956
854593583696357016
895245240167040318
1075811850250564922
824894885635013369
1067428863353945820
882254519102673494
850673348101741100
831100268745407469
806493111803401210
966278011927258342
1172051389106515682
812358656900783385
887772348681569186
900735611002360344
882723790480307828
817436609226882468
877084038660699458
817338476584829332
788675347108478517
858999227165747995
892705915785587899
1001534940974132136
899020453189667298
1042482994486402696
967227093809940846
942053544758339202
1053233047330321743
958383439532195363
968803933274255367
810922307190314237
888102678933348280
882742539563822709
880199211770085867
838453868694197493
843116609365901671
882645007956337261
1088571331676113926
883657911603554993
877385370292468056
846307625062988231
904065746347450024
781156790581391771
882171933811828307
1100582092812434286
882513090157409891
1004483087584434909
1086429203719245009
946157263507080040
1177180791780461401
809752704119681183
1047600760128127424
844269232355884415
890918667894765661
817340948054026648
1158092200529332436
922738986195002030
891218395377608809
828671424087108521
929729132405358534
898915835928051166
852415980924442204
855188719022244530
1100826294536456295
817431159601502624
905201170279837394
1113950611695632368
900372729535365633
842773796460998995
852038744760148547
1000026521402926606
862805330899066752
781433958384474541
945702178038082375
786632241522687494
1019975825043623218
1097852172973732930
874574625832268971
1097525503669326714
842887089327079770
767122733527420957
811614405260558604
1044316192441037087
1033456279024883078
895264632479192383
873125264217713781
875222888436956377
978327205339919882
902794068051207777
1014161990176840236
1002945721703152933
833460671465187406
808390884404076611
775789656970237137
986513506555744040
778183854187577654
1102912263666619803
1115280671580274545
1171644115304961408
769801235736984714
892381006526736549
1097964499926853798
834992475498681487
1023171235158207826
1101637212272928503
878537785007299985
898878860268033500
1051984823754653573
837799145528214755
919332717651546617
868338208253640717
1143911270904274171
992690888596516381
940242815162888749
905936953158689549
874787213745203387
1166831539721848736
995152741314467050
810284256749592805
1138260689105864626
882879599442878081
1096479573566406973
813403365694699823
1065157704393387989
935265705053839591
970629017420011092
822141660209426062
768673354734944365
1163846217073025702
944228750903853832
965988016183338907
1104053093897243764
1032437458196023258
960058803048298115
892082253988419733
1039326385370619352
905721148293392121
1105932822114089951
887986216987316139
887494669866149778
809920999413919915
881110854204887588
1105403402122144106
894542039433511203
922533165060687529
865151903316043704
961940615273396965
836684832468665524
1102912516166573468
778186778331075896
993815996197970732
898175075762989501
955866301003783604
845269599106362800
829375674987486138
804999237128200119
863488139273720724
966692301708767071
895239514338276669
1084977044712771004
859195262232492832
866102923998118869
893498913793103081
1127296372279885969
834093248798603357
861431915094095716
1047661012516125152
1088418504991825797
894161188460766486
886087855761569589
916292964643369242
874529813912759463
1009728454881721702
831737395628127231
920872865466941004
849268156422413838
1015485067395949509
1100598249032295292
904740192549800638
876845150696327488
874666139737585846
892341847258436769
1021254029764378306
1200835310657744518
836278983960849574
1111360433678236702
817341373236006297
877919752473077115
877861267642234232
806291777034672116
900960330469075490
885716846179508986
847347447642725855
809487915193584778
1157627617750188900
851224495758664248
874576344344319149
834186321815604328
1199696340012094923
827241527209963356
885503108183774962
817339893433433494
803397321136884492
814575098768004426
817913152610525667
811693274772198671
1052969810253082878
847908728053432821
1034539431656086181
817335888726075795
1055151140671808467
888994900767627278
1104021135241005147
972532651746514064
1093812820191805963
939653933338991115
808081428970010684
1058935264266302409
1159947337437047524
893615158290526454
888434984545339356
842774413870475604
1009807319507822993
858286381077781245
1014321330327754335
913476185572417682
1130137875610719215
898927262963250655
1087586245868299560
1081592318765093405
1005023318907813812
1048327171347943164
1060560897585661328
883275525258260118
1106923560008546853
998617366015604829
1016854500411662619
1138258900298544048
1083076893071963439
852539816376323688
1075951506305516943
862720187637258109
1091566905028283404
819613264492002858
1018032626073205456
1073921725197233598
905067239318782670
1197134505417110601
1072107214804931052
881219901888371244
871140031794569297
870250816239160373
778185715973769527
886620275115089774
917769067765992823
914082414802471082
976541707845800013
890047310281841698
939256724867961335
874561187582459048
842772861518754130
1136725187967938411
973638860086718856
842336652044670280
1116248614926294639
878586874888565148
1008771490694920129
967057499645382730
1063138616574654762
994237671938398148
892138762808545435
902976993830991470
1092790105651695315
847406312498234850
988224044020078891
859565503444373288
876382000408294703
1118825486499925787
989274600796773962
890579900387574862
830375663401202646
907279931968068425
941725495131361898
1110934196623232680
776921648331857127
892358789568947362
1112679042006759352
809463413288817796
905441140111774432
1067847732339602315
898528719048161740
903307669151310465
826849235179549507
1083690213687886523
1005135793349025774
1143371554048553733
780094258353892732
1029506782158027808
947209230363983796
1085314043989087951
855424928781780662
874592104192380079
853774806786762374
1000111280166733364
949319444934680661
976668012616887402
1019353050314527791
1175116565554028977
808971575438370898
973635124805094790
875021148028188871
1053577909463000505
1008701312536636327
990218169140929445
1061557188660055783
903688267675153044
1071178715314305157
934395237081404612
800751026217114330
837004516127885517
782138403832984005
902864270615073384
839065984842580221
997902971922100198
1024660344079637299
978689698060140147
871326473979106389
888006379537629101
1034713743009556188
827488004796756851
910866337379320803
920627772238045750
883443459559668387
1011946115965632470
1094750948490252455
891225702324436074
874598319834758320
880257859986350574
1021406552622495462
1024064125911798366
1085322940636733141
1033005417219687636
857962925289614065
874600772514053297
873811480190908553
905750421127738108
1080575099434324867
912997371761492068
1130727866407827705
889863427421594653
1154353966910875664
778174459524669746
1092291686681513371
947209244074915765
839429886467621125
1075445778623982695
1076609425686201098
900373866162206210
862055198151671663
985048216078661055
961059886292722360
908274375445718890
1113573231685349036
1012211988785886249
1064199103905392260
829474905036527548
831257037874341872
1082369659894040447
1091038459851066006
915415016682042596
880495488581892604
1020701317322253884
997937112813242349
985826182553055857
1105485675187256849
1116975372997402976
1148664555734414802
848548858573147653
902862625030016612
817340329329683863
1014143897459418663
1098022441810511046
778961842657921355
896378972984277348
1120711251998877938
767139430877945898
836835062056249539
833435302015117387
996058531450901932
1096735018562561482
1172530831489802410
890473495927131202
905622673082476274
868585750339508243
1144713033273069477
1009514730236199133
1043327063660860416
786976918221602322
862713213021323131
981882183474959830
906723557086356276
984486869239009519
994774592912153732
1065510379888107603
836833645402438850
893200449910135004
1103708756918935440
1173356351907280600
875250087821192410
776913337659021541
1044528985624992085
1034368792791687764
1106207129726694107
809503557326720142
874604295933111474
874638125262621876
893114448240736463
1028136945589934755
953682768192596304
1032034479648612179
1050701975985000987
1012314265490591814
817024282202451323
972072621221857286
1049294509537912855
1065182237799356379
1146917434693085532
1005441663368022098
1094903221888025808
769284130491933817
769876453966544014
1082210150893947691
1108679668074690379
1118327655980070217
1099236871635228779
1088880922172937471
1038262182101233833
1099212103688397907
1045705946986194745
807568435328340012
1148152271646787632
1123979473321994142
992314874506946989
872123406822562912
832549862383280158
948657233132342302
882851376164968060
1031698737363668691
905817587488815874
846057743695739332
1148265774066644099
820015514578059840
904453187864919730
973666076795769237
910091288018885569
863154187917698952
860571905509515081
1002936117410831652
999496395784541518
1112098897788975788
864789894091451309
1106605400810046702
897173001482039698
926942689093877587
890827946421911641
1066305773644252559
818985677526422034
1129468881607079432
1052434950109660174
989635781221754599
1169028052212317700
834210307944210537
1055785285964148921
843042473942860131
1072626322073052929
1050189129120629069
855715967691534013
1079023885198358615
849378932159382038
1047125723874245889
849950140650713631
854599280117867164
1059520912220032057
961535928702839503
1129042711905918112
828310985546465183
1083446080969613872
1180842678778951311
799433873230303935
1195327109778210238
847739723645665773
1131891137727824106
895622112730090829
883314687157279387
1079690264559560037
1070982099940996122
1067390089827225294
1010933071586281225
1127302394641561751
1003859073182894605
944188956363619079
1100061795909452331
883099253896745614
885791511781717756
881358461963645496
878331734626729357
1047907758163889748
1042398174464660061
823428394939407054
1088811968144551089
1030342740351020395
1110620368778902916
865778936829514703
822899495452651177
875212054018208982
1043314882729857013
1127112416656936951
841424395143184684
1128087422973989347
1101166572270698867
827002814255067977
971387484805927711
1033371353526822235
904731019434710714
915372155849488610
1050753649783931446
979478202048533337
828247594748596121
862516837973145461
870563591986596922
862311559890739058
1169955837909425416
1094218896031441770
882315558495205981
1098131983383434513
889958280840907808
844859338327309730
831936046072323081
998958623332358332
883316722778883740
1138316365849534403
1071678557813409125
854597149359643291
874577850804632750
1115983165383648666
899031264835768805
832551251669576735
1129057926041914555
961525536677833422
1001365737437617016
770487342798812311
846510436298829260
909176640411029401
917526375758297444
877360315674687828
1149254555080896425
881960749218360909
766822741396935685
1074285708788576864
943569703126613720
891325178364097650
969491551267671325
1135477961222225742
1211770395485738301
769870685529936013
1020609711138877957
1193846854034385113
892976858322777290
1016698474340633848
1166750624463913806
824204249313747681
1195941020099864601
842511952602480972
1064649289181838074
830753535940615137
804980533826428850
1063315736908353873
781435687068514734
1114190406855018702
1000306834201765491
902612470789123675
1092431047678134762
1079333450202927329
870009900802443307
875335594597349600
1113471194516818484
826886430526815045
878996841716398506
1184852075345917340
965825767811358609
988105631489720603
840551773171697952
1035197037666593721
1091732700819195021
1169028343875283461
1160410805941787703
1108126447116535154
1125798347304294441
1112096298694992551
857303226040719059
929473783107528634
897678945740792228
897867723870242220
1087997091938791991
874932189028169917
780582924744713607
890957391379209314
868494350497530898
874574404452104362
1089122401141023129
973605866925225334
1090625754500868427
899027393255341539
847571360501731817
1029666281550697577
809271168141873252
887305488325104522
918613302150835645
953587020754660682
914269526586018992
907548929651114829
1022166176061804497
813360898159990062
1198744553952525955
917342220394751319
896690537117411701
830405806109119447
1075333697693168660
1118814949321037573
1027182699498098492
1195326661124171197
878544257654430103
1109078591734662369
817502403121105329
898410101241932232
818590953427600893
1182197835889504018
920101630987096609
986015950111698581
1133033631592917964
1037446464078963530
819663390811057710
1090211207664351238
1009457657547733168
986630569874517851
990314173893326792
967106164617088179
966568859905810082
901050972721160741
875856429116877080
919326673878116855
978981450301493950
878644293801947554
904706493879532215
896042888090872154
1170347613611374166
826825833785284417
1102953368834419129
1120383141238545400
1128570662923831097
873448182949758076
952680041074283800
1012707309548706003
1107025038803950231
977510812493321569
1106942481103872579
946414270500333430
1113810392963859281
1001063637435340600
1084863816465418630
1160004185821594377
1192104079388779492
851912804252013120
923699931796811484
838445420873935091
1024603324750936857
979002394140594884
834538026568990836
917471841966099807
1131717954098372689
900887264666311201
1010279739821918776
1071185599375231112
1010486725986952834
998557875473123405
817778012095458763
819131395668843033
1146792487218095336
1052896510224445653
991013563865279555
897605510384968096
820537114134908500
1061339986660806315
880714326353724937
874210530131605658
1020399270795751883
818875432415822346
887771087397212065
881126482834000423
825851668856380188
1173746054716795830
852439249974842973
1168811417705255214
902863573830315623
1042154625268916739
996413878997741052
976132454202677198
1134039006128510775
900659513588997654
973059007705843962
976597933366338655
1003754713433918928
1015129345947090766
894020412756811023
988053724718315791
1143750379727993941
781827740782142913
863381574197862284
834568480627407993
974362403539471944
914075342014872744
962312625136723705
1155362909441341285
888726891176991741
1131374111452281708
1027635057130890325
860215346713471808
949395060452790372
1202270705705907218
1047141452855044357
809214407709794393
1009509743520566489
947850803315808229
894115916957785363
936395111568046404
872144934711314532
817339078481501589
998877405686984862
832545093919910941
1100581821937139565
1062292530585891793
864234074226183072
1079111124242711698
1067173247578645134
874766871676128442
1112720195672720341
813842871216855354
863454944261777296
1072894425066720135
1019988486034337081
827983171250010002
1098591432716522150
844437632570943875
1000985017168470817
1081477952591033782
881015895655545375
1026038425261478231
930972336020673565
860226607737731905
1049839808166473920
942124241289117318
843899381761366385
1164313362327941158
892116687909024921
902863255475856998
1115372238021918644
1119212138402277536
1029824647348004027
820010220549989949
836569395944745131
826665070629928763
898953891031417312
1134973529360132718
934117164739642551
993677252775666442
905330634896989911
851034193365416503
842774840410943829
1101849114331939744
905814382591046401
801195179585141475
915647337333327091
835085682959626384
1156628498311257905
1123493614419920289
892081313681059988
899543856243565036
827585162030328694
912816288448729178
907237845110590280
886892605736203125
972934576657989859
832293484869053462
1139483843317803994
1209724056553648259
1016293188579696778
1048649334570276744
1201852284650450408
1037119975154374342
886034952226479893
854766928300977832
937183360843172220
992788557716887114
925064482526085894
1160471548358427739
900630895826819602
1063415783897538948
897803424574307753
1069259333467083182
852293192478512728
915706020494734586
900372134489449984
880835980173519381
938084055059390892
1042182088281118222
982292329751776869
1051401999391045384
814875924908819797
907684770824957775
947605801739128787
1204747854002524827
989103752998044165
890594580002183249
826647128105027386
1064231111014314640
996610000954670629
970390606929999398
1169305666571254524
994578619295962168
897469911084663191
948565179355115547
842077070484132159
780842272265877909
879613540635517375
1156613324622550815
1084211445369787484
778179668590155061
1053269040701777245
1038830156550702424
1070485521357488990
1169938131539962101
1127262460074722420
1110620593117447558
1116794970575473893
1047829298272517664
1072278169477341754
1128379865116553924
1093160816660454395
1114229178398643445
999547190555074906
1085948530606992987
1007684364398747348
971376485724577565
951072295373965487
807760545384843320
1154020633452455651
875160631549793493
1152321218802196902
905567145488920300
931094174831888421
898107940238244280
998650513976284264
1005321051941014567
1026820294225992294
899939429105081841
1130827820513255785
1019155319918719973
892196882300261532
781224391038982560
1072428823258064495
942872719244927650
830559835232181211
1143374644833736454
991574801138198736
1103061211049466376
1090628829132078415
919892723902077463
822236748537548436
893637378074104056
1162281073102570063
1082118609840824078
808393751296711748
1060792293960823264
818922479611161103
1037171936958147285
915132326936854738
1128696915192983481
904707398442738360
1174984593702421792
930374612850356203
883459724327030439
1011965611456947173
1099489252782881068
1163470945933586849
1017963870994663103
1126346698724085177
905337008546827994
769712367097929855
831997833675385869
1091024795578869394
865494870651008963
1048300248758550250
1000420596859174577
1092207389038872966
845380331991082420
1001255087869131618
844934139771518374
1157761560874207208
1091549030995326982
1118043778634755120
1082196426336898843
1004041613962064465
1121146226003070591
1132902640361173890
1088057695670573692
1088379718602038121
854596438801119898
1015200071792836458
1029296710351988684
1034817675495341827
966347242613098831
826509588957755187
1171964766928934583
1193491845580159007
1107747422633322537
817786861355496909
1025298202330514457
966913921712314277
796887851217372838
1102708662148116818
924275322707186417
1070925305516485642
976547042961041487
891374608655348853
893312263831409889
994263185745279952
890090970153704484
864973820607942580
1056210636141319486
966270857445427423
871944264283021402
809845546262698150
1076511483626225352
1118141682510053538
1052768503572256928
1111359207966840858
875650147661436172
1128424522820732642
966707445674079121
911772798149274663
883240116671776403
866989069848484835
1110222732484703261
1088214486851920642
889409534190391319
1009643009347020106
1155928458304667829
1064512555184175821
899042758064025062
1117410064090024656
1114930608793798350
1202619694875936210
1095695980466714349
905719775911766776
1115167906810806057
773102874181156016
966753062307802609
895366295863790914
1092434443379886572
902511512927583832
1118983423989008327
865243649100475322
885501292477669105
988689825605885316
899573184309913069
1163358387148668248
964536385682658129
863678869519150997
863387651015787406
1151946517721468993
1022472461686568003
986199566845084350
1025879564243261729
1034532560808324767
1151821519550995382
805050150994716603
1144262140809155120
1134363994710610029
817513323632105907
901488780226944569
1086469618136183011
809352918222297200
877604887154974047
1071096210557762643
1214719204220285649
849877061769389596
914605358618723519
877750883399287145
810278639308403938
860011253431876405
1087092786661212228
852668155752191601
1024066926350231135
824677652393376493
1024290918360383160
898566780897209808
1077903073921206736
1063940647421581888
964083475606904624
1128675316324063134
1006624870389379433
969003200270290029
1079247176455024827
854594537376275097
1004423800314016458
1020707462188017225
817596784989979067
877744354249208166
909229745944311713
767777586184800315
1112487681020443521
1145695407060489625
902780738849865312
800912493498815197
900031452035449332
1183034845530735325
813435408628971824
1136974375505522774
834055650773939291
1116760245683146951
824151239219600096
1128606703520801631
1116666449599453248
1189814307477362205
951545928230799571
1138140949397225339
1004455664627771094
1126310756528553382
883766363000361657
866532393298219995
1018156048328317706
900804602117687836
1095832504407038817
1031699316177416916
905121945328031441
1058368833308040012
778486426750404931
1098535841052358258
1096731795999921606
907082255597205315
814242668822780225
988152030586264866
923211396597067458
1019551787740227698
904741476386544319
1022903402550077660
898530948766025165
820762933996665437
1095832548005715810
1092226049477021065
925779827363450661
895225371918055740
928608449418810258
1105910527004188461
1200120845516217272
859122495761880862
895006758619927859
1054791442997220170
922540546810618538
970586112005772863
1030166286731698487
1206994770125766859
984543072838477057
1118597841036941889
1173213215908355724
1164933568884615740
1091417568374814655
877231344929885514
1114645751180071469
983667351245095854
819911602523464245
1048121066530270867
1105120053142967404
1148687729182581218
1017047506950863213
787083300382400027
1173905012746425347
890900148998299740
1115975593882379668
879655295742537153
1112063897245056659
1017217801378797988
1161409113369260815
1181982309997520430
983006926849306424
1133448634062080304
823272326227655373
867475182694539251
1088012885024128584
1057267104690766331
817618253814851006
893503500460636394
1039891579971734186
993226343696951994
1101464379587745388
870968114078980167
1016767724637326603
1062198915792289699
1000116734511828536
779862399145635179
1159777445438667306
1050103984765635889
1091934079291261179
1037014841172716183
831588907051414524
987443939588927591
1044950288766440991
898538263175920078
1098998564251129814
1029894473449006284
778686906911862088
1089515445284339323
1020367568446858686
1122657723598718827
999872648356821463
988466927624217947
885839520027278082
992130027176964480
929081775796125608
1119879701547992785
769740081575343235
974284148399607335
1007630528462822070
901992083626631754
913482943663243411
823161622321489607
1138888721425526181
892014171755283600
1057973211556216522
904698173356166837
904736234491800252
1098699814733524735
1078224444741195390
1111335120507995139
1025328199876326443
1161621065197114331
847372282968994272
993603414965057276
813128807247512870
826789825804246848
1124451931015440693
1054670787974508295
911533853041036314
965999745884481436
806544863862917115
767127152320102433
1066032194038144289
944527948148573976
828949095331405744
936495139689782604
1036293089097484788
1145114641608565930
1172813271297051028
885992430551521040
1204924066786787184
913253655977668727
1066969260514965061
857665230911697638
1109428585676742179
1114437746250046849
817697371474907588
985898703338700411
1214456010104483158
1069320791444977100
1187422022288947321
1109188478296682857
1016698019619294454
877304271856537937
1130361890489454674
1061942401609536334
1074560321292383928
1005119805708252129
1104010256044998736
902676633278883420
1050653521839720958
1058842196634115002
1161518833995153231
999506733363430737
872568832985837673
809500337539668109
1127686103793717593
975049944239192804
1149498945499741339
881800490970218055
893757888128525570
936762426602422634
1108639252274495273
1092240224927774096
1012913896658726169
1132387110736955011
906297371151413019
878530806007287184
858274707454745340
1059151548696357868
1163114099085946097
886252921769521993
1070602934751733626
1123882669888944925
863370389567337355
1212997233512196965
1001067093982740282
896759770030871930
1071188479894284426
1001443373007790992
979511084534438755
1015310009266033558
1129050978546188461
1156860863353724933
897779930430644646
1180192885466755251
890812593952625752
837804489792328932
968932562254242902
833037520935162939
928695975857619865
1157037391202408689
799600450213403328
1110236118592081959
1103429650580095737
1137317882169290151
1073893172512387501
886087428297405236
1088869016486299888
942340439203955345
1035035861191928665
953654976053215565
867679969128450042
974744822490127011
1122628498480560993
979762970079195050
1000526419570677451
928051334624621439
967759864749832815
1009889600441182642
774755678459867330
779517575644450137
966569267112736421
902730840015992414
1065705675392663721
931316584222298169
932547561953107053
975044801555701474
888461935200285665
820337605519256142
1025132981416737777
996063591568761261
1116652932009947171
1172557758739400907
1055180763141349350
886062368728147747
1102264404570708098
857576771468552929
914014871384187045
918213084089442704
989830115462561567
857723063558143721
923446622721464010
1118919399684035468
871953507960984667
1036096061667659198
1083945731754422143
1042928259792594757
882757166127187575
1065928818854849766
1037651334810544021
966954657029620690
862602142262930294
1128275408120338001
990137217665442687
1063549775352406477
1072816949105042250
1172827619814370719
916515339708288305
842051703650190654
884119549260298945
967114083319278799
783970271285700066
780663570844381578
898400831243314631
1113086966127751393
1069605486851155475
1064955840810792842
1166640248092655324
1104373249774195179
1114139547022100621
1131020085382116914
849266559116622349
975167773224171276
890462078627133505
1149336740234053658
832543108611010588
1179442320711977498
835139724777046162
1093462921212055775
883283131255933592
1002882033791695129
903113104345272950
1084992621991147970
1184918049008496106
1050702090477915676
945035983482109746
1114946342742054612
1182244925103410000
839442424194047238
1195378990899359227
1203061493325953101
1041751080500149586
768493769182389337
809427873229067389
997054415620320950
1054435167486421709
1098612757994734259
1149257482016674734
837765155415529697
1078280275402251937
1183111865001388870
961340596977136327
887720176793882524
971051749541378755
858141178387840760
996122665902209471
978132140448423392
1115701905338537154
996505331469165075
1017156961406727571
1194749504233765849
908745811588934525
1096088513539433486
857571288361293536
1102233251923362930
1160643318126575855
989636908662149864
1110621078471486857
1095337897898466786
978681400875967088
1101807370062363502
1175499260292119274
1196146735025729739
1123904536494624574
904850567548548805
1199721318228257277
1080487556172952383
877743832225042789
1090686195937934725
1131015716919424560
932988441106466941
1114220407806329069
890096982533425190
1130789169293366599
807652939171946545
827235717261259604
999265942728424722
1045431997677753058
883736445420096182
1182078880306369227
816285120354449772
1159531619479465316
1212818841503590050
1085475586797122351
813302107595621675
976565288988305493
1121778479207357687
850759501491438125
849353769466663442
1200844120956856977
1191776118152422108
886138994287878976
1070174004542571238
1132737808668818244
943878934511131375
1097810052251284506
1121127243285848688
893150607110814932
1045624535311120148
1122148921238357545
1092237896469928334
1033226703765639455
970626912935319121
868158851332972548
1139363570331494252
819101930485426711
1034993029735713612
1026742194734328367
971858608510421966
971323842730752781
908105441861974884
996410553526622714
818668544591341056
1085504531661017935
1166747266128505675
1194289854065252912
807348196164797470
889189935061170195
884013390215749310
1058332321451847482
817531077036545462
1201295585707194389
1044938598351718939
1015543187940120536
1084193931826755668
1143157600608136851
825069539366152961
807630891652070446
1130969934918175259
1101021036329105648
867517525970336758
1110621632212375947
1115390541907848130
994308609716635617
980830761578377366
931051576676106273
1109937259637166978
1127351821076435124
971621256228728681
933046505888926850
931296077156783157
1075479553521620092
940920976025112133
834302905869835373
1070715529081446328
903445664989818507
1150116885670897326
1030151439728596277
1110979839025368786
868012892139825153
972573079434145947
1084861895116393858
808352269962273858
890274021122991156
972840384480282824
877745249867825511
1078072975309266490
1086220142187613097
1169726503071187057
1199055353421659009
895580169621710154
1198945221344862992
1156177356391071075
1115239183719894864
1083257338586371465
888811212866302979
1174377876774302154
1041612950980412711
993910904620677970
1076341144333859432
887103964109234047
1026531128778222062
1060103376469285084
1181054157767467767
934383086747321539
989038711512125938
968089477160866500
1157580454241932051
1068549685698803900
903866161354441373
1038450359694759149
1120898078418985336
836628128099607728
863795778249989015
963797805297200933
1048559673287861086
1124982314884360813
1004834325720489853
1077953107713783283
1017452348100801021
900008065671865843
1029023791566203786
987131792901181457
1176377524040948926
961389527467372232
1095758785395822390
1192115498705019890
1032227050824203143
805892365682264040
1085771713558244650
1137359631923485143
1055218259890078705
991652430575289579
1140867304675284849
1192149966575904793
1117683989281342298
840393233930880284
875833147744160021
871911270417939544
1138727215697740038
1074773789352934150
1089760309274671860
1056246931927303495
833636567653739601
1007188328164592162
1073630126520901943
1208399250800907119
1024360098685497042
1090595941259866422
910961728358731758
903888131725650590
1077895178120134088
809361288503689329
814669017602168143
795750059440616073
1075297155208969212
1147922296075833308
915106818892183760
1085610759745836051
1171082081757650932
1121180079120732846
1096790122416342536
1085530519078854517
901556661257999936
1013781348831317453
916374304895285538
811654984901048590
1101391090110257701
922835287512946357
972805002154749121
1052488530593044515
1004913616377523083
899029143210029540
1115706611731621060
964497644954552140
895641939910313294
849464404900894232
903143880378662521
881232048471166510
1088642826582805536
1094201545307403102
1211274196563394418
1089028535753322834
1060952013207459371
1114173382114508985
1182766551008301565
938341466937045441
893475303189726437
1153949811879253664
1027348233275118519
860030246457552694
1098661764956529383
1019904134655257869
1095400336106836499
1100702705424085990
1063385570268529014
1000000790862172670
1055895698019654882
952143968284989706
941725240647393897
975054125642915558
1083698617010941635
1024782180623554416
1149363950812233776
876494434155129140
1191440006557312499
1034424810093032055
1095830901163009888
921630016386632325
1126907064899468145
1080107605244615226
935959613109017886
903397515407138442
890735262593011799
892107234732087448
994323951589690341
1067469091599227633
1093372331682706566
827400705382997866
1095621413049038492
829552758151188415
1095593406921925255
811856863519819029
1126871257660087121
1134851824123131425
958198956095698455
1037337491919889172
959392716040798827
1118058608383752260
1008998410322751478
980835105690634391
1134023223825957652
817874012613571031
853650464996050565
1117545712205927220
981811839924005298
1035919542567047557
1004697478051757853
981325649060635956
1087070150894722095
915727633917627644
1114896965920105129
817711949356767687
1020352041999155635
1084798908377669977
868844012102941717
1084420515098782903
1200076315140068212
809442708578701439
1159044056855985028
1041687527142965570
1089413392076293703
1188004325089852915
1141345120140175707
963394112012219151
935939481286039829
1000112838495090231
1116253433778307699
895597011402907980
871999551873996893
1136332031321476560
1083709601534538452
1199753081322333733
966743547781960042
1127204079606379600
874576256536748204
1132625101518025466
1078174427943255643
930673140471530497
1147159729939606029
993179495306722989
918634151741441471
953798252884802903
1042989556299737945
1021089370549931688
1018096703970527978
1097810447943139355
845716796885667264
909972699255835583
1109160393742131535
1106258683236653940
1154678001663255824
887805433676517286
1110971419530110669
955932816548484535
830767196413695972
808954184076739665
932733497420080241
819210772527855132
854787718869152427
1157691832322648996
1055542945212651633
1126429419142680060
992798981049823823
1071050952780165185
827246001969991518
943565185646111447
1034858693259526935
807804125754055737
1073116958099793906
911187952265027575
1085147465085639228
1084502125874446556
941993485422782078
928870458970385309
1153320445661469840
1092814215134023403
825887277394687774
1152647874462590711
1121342776794069793
1154977212363368988
1080739614781022185
849367817302905364
1017053507572291952
857301179346029266
975810115780252531
1005869985528916151
1147721475859392356
886112145900829499
1172125330560103197
1100990458622734554
1167761924131996313
1052895961899262164
812143143597260055
1121465690423787489
1101416509039548997
859348442787929891
1093404796010725537
980993485516904639
983248991460488027
904075527295991466
918890506938140121
904734183982565051
970204362052626940
1116010711359668661
1126889847027958623
1101412089720025664
1095829001920720735
773439497184575668
988445899497377112
1086672799312430578
1123006530284948493
1032782759644907635
1117753494561810315
1043620271277082743
1100334930295162568
946569165254852480
1052388342836959237
1092660952444129896
1046035502903675825
1166226393196167576
1134069874703361914
892118339126685850
882301989743349339
1089055340263947620
1070613425098354558
1059588617705355339
1174374759357863366
971541652308045658
1091521902761970683
873000372046493812
895664261764229458
805579201657681894
828234123465041815
1094444236720891928
961331431332098758
1026431489495483847
1144552379625483001
1095632577663801003
1156253877412388274
1164864982833826276
1085203064708421241
958689878534959674
880190575678066152
1182339653786177500
1138623020723719349
1015219633030143857
1087168911388362853
995026220622307527
898396011394910662
996834837432309369
1116132579342374442
884397752621844166
1179358037502537141
774746038190264511
1150490932569068438
1000312722763734647
892336455549831328
1166704785199152929
1066499858694599137
1023658389987124693
1179035622147112084
1098063048947321053
994389479943595001
1081549601052279283
1095730289185527573
1139487652413458401
967631947170141765
1084767931913368899
810450242885088492
1106534187604151448
836401107850757289
1021764691286721353
946897418129793949
898099991611761079
1133237742156351537
999587444710563179
1166665330965959412
882865440529183358
884441339627646663
1207193207086651800
870863173372807235
896829738722749823
1163389568847520105
905053683513858765
996016247181254052
1087558395170797849
1051047836815884955
1020869651724237430
1087464748597886212
824823476807513844
872143726192128099
1020471775510672871
865712003986807756
1127142556161391643
904743183868009152
894984997751231792
1023982004026225207
1068949274303315290
877278625621187920
829250652054033336
1113511661012083305
872013746408266846
804796050073033590
956334858522980815
914615595465670848
830889768957939689
822565430024389280
777796629906498857
890264883714769971
1033703754632270274
1141785997506338572
879853379468269007
827236050477552469
810897293395692796
1175755450846438274
812604667007129886
1032581318265483273
876778711386298686
955249997092817311
897999707760078258
1204758205954920104
1000409630349340331
1150907780851475599
922978660116858557
886086978145620786
1126236072814272885
816744180312298871
1019038796173547465
1106550995827816618
875639243124448522
982657631921263317
1163486812147763634
980908916113930414
1163795927589313139
966937042366104507
1049103690945561588
1104353311804271037
1199715287382486513
1087032899919287319
892036121186060433
794567494941523583
956679962884672989
944824205368273705
1081138760592230623
856447680740880069
1164034779941492519
1162657493114089389
948360454529859586
857144983252298446
1098583132909791901
1177855216269417876
1073848703449461140
1113905020665841608
997845827950985152
977998990611099087
1101821575593741193
826780887431188287
1127941184447570350
865012298664294326
1020642186098908700
1202507505468414219
947004699418098593
969050851928115321
1149639558024608005
894996320406376754
1037386212152733488
924277723061902066
1119971746007146262
1090688705806687625
774578820242576569
1114143038186288275
1030054018160182533
846018955922283971
1098565662678014609
1040452193206332305
1072305753916464707
1017615468313501249
1131809490130050187
1162250514255705653
1024742243223678823
1053557699126827443
788671198471043636
969408928471748876
1099879182767116758
1149382075331613761
1063031124028146947
1080819118445814826
1167474127194981809
768056601105233981
1085183523900265062
1138758997904188707
857720313739752168
1184450836419089413
1145108405149412521
863267706541796233
1128677549740142497
880104825366885857
1068529518839608496
973686904793673118
817531954702794167
1092097536894936395
1001065962011420473
1164046882633361201
966807113277314864
933505517000259733
1138256358581554095
1010544862947072661
1074651164820240082
814594693724546379
1169310514839676671
1051122345049656000
973255991000130853
841031028147289383
886086331202318128
1095313911626523083
1100751527569288223
1004521728592709351
1207392376808398505
1098150095325976869
830556819027237850
874331540254982306
954041847470649704
1050295107596166499
1171594494827999591
809328446982137962
848275628252039675
1009500211293518037
974013740551440883
1114915414211336892
915654353202115828
1069394236673096165
1181705553906613555
925773637352392484
1004292907807680152
1055899278824430819
987711789844505789
861837490228154217
975681310612027225
1042806408210646805
972364405171508313
842904728084109659
1100796300716834894
1059229179375580154
961189403344390844
1163855444926190256
1089887786555738954
1073205271912931395
1075352628537990177
1062726031125081240
1138077914077637453
1093368153627239554
969102422541480074
946944225031473055
1096728307713953219
969662281543923052
1097307421917522727
852468565098199649
1004777757059629922
1029955624567963869
888906989876942858
1168451068340664353
781737218633873850
1021921654880161660
1019622818632338583
994342760068858864
1001534998232316841
904870002392614598
892451287344842927
831421816006672374
947659938809592790
1094285446835882930
1164852091849235917
1070916601120008196
864313555228678049
1119752482422665861
1000205564789157468
1103110982147042849
1180220190620007625
1052832340031141040
1179068859697769656
1074978830391353170
1166187355348030853
1141955831276958587
1108727749296240519
1191026033275812161
936467553846155594
978607227374353992
921058320177209950
1009821158959690135
1007831504631681780
990181064583275410
903811573276197530
1098325138756147704
994974628735380661
1033711901200908741
1117077726226702820
961581638760900307
1038171214086994060
984693678888824118
816139490516408680
907706761612115793
874522826734907558
879836167195093453
998099239115933699
1143518282749788055
900856511180473888
1199011248849000276
1035176307592257457
905876936829901577
825440110390475538
913542815938294935
821030761095584353
1050476989533233612
1182599943077664015
781437135012875695
960744646062464682
1203393186896008602
797402043336620717
857781550643203818
1029288173007816648
1094616263878603880
1087416914437938409
1096810807501412892
920748641019393602
1106252406284771179
1040560189452783551
1110993965108325096
818115302845625834
886392350677108572
832648547778609189
960115608622696069
1155565707812157410
1085642120902089828
1192821197758069323
824970348782659324
1180162879421033622
1200425056026362058
1148375559326132425
912958781008163936
1037261864649800432
953334109484856626
1015759429756106784
1171792733198240276
956915463700390379
968191772545794818
1106284926536111000
864891608871737263
1073631479651604794
1020361343590464951
1043459494713403436
1158657389180843582
1133792650731394633
861905799702332268
842843582488924504
869683830747037733
1000850882842603274
1114143599218637972
1066028835503653151
1119543895995807165
1019986648931508535
1123142596834671734
879150480886879663
994564801929785397
976438695073963040
839453987157385480
894970086024683822
768496560395567195
1104859676923731933
1100794861710979147
1077838130144378266
1049474260202922050
1010072104447682021
936510903017206096
1116513136842073005
1038305408155446460
892553191516786869
1112365734781421374
1021803365995387735
829803098094781381
1156132947467359527
1117974813137316859
1155455512369701774
1005019674900015025
881195862226597419
909971572647005117
852140739754968644
1129621142571259518
888114138180034489
914969191208390858
1063611957620570588
1062043994447375225
1063804839832740375
836208069556978850
1192592613359389082
1107190648042940128
989900876447179585
904750577974135490
1062001719764932452
1069191519883123096
1127118528177925123
1037088600162894529
989583520874577623
829875886550676425
1079267532682056899
896056095282099548
949788510695821436
1048528064393814860
1146678238901785717
1087511014766346513
891375315457165431
1013721536654000577
1065913909118984412
986663869082824557
1057552915828490824
1076169841194336782
1133780260262079033
971437933458813765
956332974063911374
892825410260715717
1133230020079667233
892200806551521437
1051474229793361689
1143831050419793062
905336452129780441
826703166044388158
887640674556814231
838804725888947451
898457975261805002
1133234423497976876
1116262005816244863
1045731141584677708
1096850834074594886
1024957638725646241
1018854948446039969
1005003278507470760
1177977660927744501
1156068039636352255
824367886662566629
936921393747490157
1087338748754953390
1172402169977904171
1049573469827408989
1026733583562048041
942166187678368394
846342679994500552
963485599114971932
1048566311797190500
1161641590622256118
1035524331682993208
981909581633093086
1100781189748427841
814733364803625297
980440452947514451
910976283733090287
1164388986951282764
1008775676672560068
888741451082133502
911265600168660992
1153391392641694928
1007987548862252841
1070423037088494413
816373471536012658
1176491955948168493
1029623608002086997
1128688098555870133
1066366818982322609
914233657397286062
991338130828322960
1113971010481398775
1149477096761797772
777294491891736865
938803957792953822
1118487608225727967
825467304309879575
1204788383750841033
1145970888002467374
986677510406420340
1048450455946221363
1103454687607965453
1116708627748807811
1080559680617689978
938876038515759587
1091006751095156345
1085558998688071580
997366948705802005
1022881814667061459
987218729121549341
1030805236379226626
1039112250863954331
844565848240652700
947770563404863452
996361974500803047
1036726098239154768
978196494776375793
1211769436426117436
1062640529141404772
999852250110186964
1125679177541520323
886102125646775097
1007946521626237725
1086675624052485639
819354118748551715
934454786523964614
997572063390575469
1155073726750289516
864570709071987624
916276902819063065
907290576473201482
1088145649210011345
1083794404404732707
1105752103047975533
1025382638485770312
1100814983157664865
898876999786283483
903481607384490636
1077563596189709573
978645915184536153
971405352142953260
967747711514818154
891626030735576193
976789500320810130
896410469853629798
858327522931748606
1126894247111056227
854467178529029779
1086172708362811258
1106247435364518745
1152266255337829742
1078477272462023452
890441913359482941
1037303951996054279
1079997389979791850
893238844798804192
932971524642636922
946737636746247057
972424903939643502
1176725315086902775
827586808267348858
1107859971007623263
951522440633504978
1060756737194372566
909369395653511077
914856371342098630
1140554266061684384
1002728450918630649
821550158119537264
1135560713573723013
1032641412919156768
1036196713343811030
959780973349645945
1136719133337857887
1206959146838513809
888593778835180533
1159117835330340821
1177313209428992002
982935533534709540
995265899930701059
1105918844720321397
1142567977979804046
977500202909795677
1123930848462274399
1158702322980754042
1128349442960974499
1184830083470009729
913045632263270507
1206781579274187678
1074303832248496745
1160861462615915842
1023011749277923602
1070555473008827243
918355259117865367
1003206658429026650
1152470363559982623
779791851506299229
1042406919054488163
828829129874176939
1077895629676015049
1023982676669485624
1091370964776006563
905480754416197348
874971541233598658
939474232699340291
841026926891847974
1194286291649992238
809152234949654615
984761507298963796
923830083281342180
1205079775966639114
808785077957139530
827486884812639090
994333518688155629
966779730364082883
895963165664424279
1137701395922980526
929644257894503362
1022800896574507183
1041635331606791473
1079743627965412738
1059844043248254096
1089137245850262953
976700468304780404
913044363395183722
1108745335774252960
1090204370347635715
1095835224889732964
900812557422655005
979132880663340794
966523898114949728
1096718124964343229
1034366026226118225
904703818459418294
1013805974405544406
1136307990435971516
886633859175052143
999626768866067833
1038805261341394257
1151306334429092283
868332134218159111
1117140803316010537
877755494185998698
879808876821334475
1010450922110967412
804986986816648116
1045471696592786159
984024125873977389
960064054935700100
934110535550780598
1082567987702543313
1090145784790492114
1129042103841864863
924858540485893886
1048956033848959946
784773846783975923
1126421572293041645
915827405328597250
1173962104946517060
1033572306203420064
1043194062897770417
990715552114977823
1169625907810476031
978366985758747158
1086674027220108796
822917064336307885
1049722135974898834
1135919000651232397
1155555508252799967
1156970840637965456
887900128964391849
1089375890509182511
925168892099134219
975852459638798209
832924929888099378
1191808463201770239
1095416903981479457
1189062521764333549
989095868724320770
905537113759977194
1067424081777366746
859930961937940275
998630581303354466
1104418645061186110
950874021854230694
1187715025843984704
865287756893943743
1109310547462005178
776917132627530982
778178376898479412
1068172976080193544
970595453636409922
936981038351565169
1033263735022404905
1168511113310445635
880256432657718765
877742609100032355
879692466102909380
940625433207155259
1076234382144322093
1091044880769295005
857891286928171758
907363013161460555
1153625028587020693
1126777451931792118
828904636600001452
1174815943293301944
1186733719659362929
1074995804812099421
798982975347841719
930747944748376071
1037552296167305067
859358762111773476
838544788853042422
950228678410460300
946837271092540314
1085565717880552354
1115204693250349881
881190052350249513
984136149483735147
1001151232241189712
1158659649280255553
1216014509044898198
777132790951689495
778045990962853168
1208331426886753047
991632045922918627
966938373747932093
1138209866997102496
1156055838600186106
868955764669991958
871047474416090189
887769505518314400
975825584788428662
1206328922123569702
833116447410939972
1042832984468443942
1091462503942452194
1051927290377250680
1044181881808902388
992128751519676799
814432717389275464
836028821394914464
974929750904513227
966016571279781800
1121566033735107642
1129388931392600508
1010544184877672084
879295107760553394
924982182459904767
1085571978804791216
1143750219566200916
1113141767963760931
1068599323140253915
1175539426530673417
867963472996705280
990081556171733873
890400719352899642
1067157532923219592
1048362569319184145
1078570790386786125
977883922857151924
1208060541585974754
1063421434015952264
1034432054377533052
1009058510841945105
1120978498421028296
1092035022878566702
880372559342808565
1027452218659313624
1036662412327541310
1002678624454538477
1137269902610269548
1113091900592641257
1066061995156177203
1018474258638669657
1196321663851018536
1123602820717532705
1101497048350616199
1000199722349299288
973960597681955293
1182546584570910933
1014921671801168661
1097599125810231198
1116398897392501570
1047236074062981442
867326445999986666
1039676193336805988
1147176838453362208
1076804045017494363
1087995341149489716
852816621941454453
1077897450791956939
999572740764313959
1202866913852978897
1115171675963009836
1128103646147301866
824492970627116776
1051907827478622063
1141088099837715529
898674339423305171
1104055641569356920
1068901366498800965
1168284294747032554
1172466818809176172
779860360623007081
766892197670320139
966731503516330186
967025147374696474
975104101986297592
1085565168717325217
946703925105795979
1050142584803191105
1058993214826091474
1148488373282318576
1068075442755755994
1134830147700049421
1103934811768503323
811028210343286014
904447347301865137
1119233617342100659
1043319792482075643
1104429213755894357
1050822543035172444
943466086128329415
1035117201896515467
1103720038824631191
911629590792862751
1129060381914076349
982651484924885713
915308502853731550
1162385628597290713
1110162812663420898
818969279430409745
1144207300426743287
905774038894769917
941402552321183325
935708162706662648
925188265155222285
883174313374620305
1112036485019704954
1125840751626982477
1016909990118023467
1168542130715249749
919168597336199664
1097231648066030341
1167451354005624201
958312415867168284
1054163930226599569
897150749254577552
1122201319789659743
1003707998075963846
1133332257556753598
1089147895900369335
1055912623219285224
1092167478766638451
961165824534470330
915635011015229682
1128356215522017961
1098609363892838065
933712163444335777
1026904864148940461
1074989349526355798
1080470780728648500
1096744662320428503
913333143713989754
1130195021486928915
1056125423584442657
878070745295547775
1019217641652799486
966543168753647229
1135317595416941333
878544512489082264
1087813662920082901
812334865220592920
1086180728255899520
1132231779118054896
1034872218832364318
1088921548789340449
1033395647000317290
878573660198166938
1071550738307973443
878284250826760585
981543186947734892
1174739449634966419
1049319533112599580
1014897646396375825
890888180940561499
913049763032010860
1023006155932070158
982072886442309151
871334426251486294
1177280195868423142
993214023396114102
1060819835696563691
1012844215105752327
1021683007799895845
1052889795038427345
933998950968422576
1149638244318828802
975089933362134770
1098468356048559682
1163373380971425118
896799473332495739
810574431930219760
968779488773270516
833076180552346690
842917001273016668
949176137788010566
1166754939830044499
1202242668695929836
830933629718162411
1044751675441500592
1192792837534412333
956945873510691309
1037703835411230636
912149013401287731
1143133748925805188
980390517073913918
1088416257208351617
834012310048280665
819390795753390628
994201866705676215
1169206158876251788
880039690752039388
863063805762871173
1149739773271665012
1093435215245857989
883072372440936077
896963374825336197
897091186704896395
957541920596457990
826616537405470521
1116920773550513455
1114540910951234013
836993552173305036
1006499274747354427
992945724488669821
1085873369515597265
1103958429333309485
1013467435484263834
1060976882810853937
1152966537828325325
1009180786511254600
1141082912671163459
1100509710125446984
1033365155812289879
1077838553056115099
834358460009249905
1111632596936012043
1130846653327904117
1028685448905995093
1097041389562707610
886026041253192468
995346463706153239
1040763360586489874
977304010546287919
1068184440554861586
877573866872969565
1032169467129758572
1203891414567587586
1184894959333450190
1106779068051900812
1122916074438882264
1165523255320033278
882268260885125719
1052589680654579795
1151403523734431221
890451687471298622
1194838416282850302
1121752926262800605
915670480863680759
1167124335986833540
1198162612398400646
1104874135767670756
1210542873091115123
890633651065243731
819680441390111280
827616182756811651
1119649354639063614
897227764674754963
1077327065994144868
1129496513774660135
1023658570965995990
1010454570980136565
987014213478211560
1168586494975384707
1044553047315868007
817712233106078152
1116289153170427563
1094186861581849430
1189549274809830761
1110017253253689248
874662166663257269
1093067107840605097
1096465749704772913
1048031663047285375
1048530034313558861
975862977200081795
1191639649598391887
879599326259815870
1013004768256009521
1164094101744597847
869602791594586148
1191726322150234785
967801079145076347
904737865773053629
1023486139529491874
1075029829292485509
1040251479093580607
1078279005212606109
1055120348999904183
948627759048674332
826006667157415712
907154826824434501
1096715990751064502
1020325734964919721
777293965008359710
1070723484030015421
1048112187745465999
1035099841751751553
896378225626817891
1203967736896988971
1101794814389677924
1012319634466880584
969103389041074315
1186188049169672464
873554582650094720
1195046416035292352
1053735891056796175
931583367434332231
1116625179283253250
1009352135391465581
1131541285316096981
1146209072185914133
1037713680282700724
1001149646375288655
849125898138728971
961271467511458498
1113449383841448472
1136135666238915860
1116316830579955404
1099314541500153018
1055319964829728778
1189561646973561206
983840782520404978
768283138680957009
1063185604698097980
991713020977747206
900659004833170965
1215681345503698906
1032324850084446128
821669200892931699
1035612749244820645
1148547592954041675
1089029583346774357
1116642834384860183
1101804623897735018
1153632871528543647
1197336257541153081
1124421043420670229
949158727443209284
1034483012549130899
970140399127601651
1111694036542146901
805270101178055648
985623204090608200
949586577171515497
1206705782258966386
940893921993869892
886259725347500874
1032250363162630031
1112020814674265705
1039950206719887047
828040090909268885
931153217808965677
1050832146109127266
1089145421786640819
1015620140210479096
1102671319915093311
935428324862574834
1070732790145853382
882387247064225375
1110089775625173946
1167481272223925684
881280397854727733
1131932195063871757
1007777233708020462
929793070750351305
966160635392428139
1060298479321271618
1033618015444367784
1190791426352206048
1128443481205347060
1018855276283056034
982936083405064997
953392126753792320
1085653345916329099
896404990125924709
1133054606126683095
1022789563241855148
1209743211664247967
1132870257770074984
1093515951696180499
878543640849779093
1013676440555007415
1042101447160036837
1132557453258861266
1088003225684474427
1117832658040061881
1077465365376344244
1184103309374533255
1118078521196564576
959734122681681526
857332535526895317
1167025004657975320
852758438355416692
873788456889611400
1101592615762043613
1184498378829556800
1159272481268527242
1095764931979503418
1100964857221715143
1173360986367061722
990474735744415719
1033732441480339915
1157307231010426357
1204768356070329010
1124672072617064900
1118749082439150276
856291902078612163
1055776549704349872
884547470751810252
1118907989849967483
958406379814327848
934540749886979275
1088468250791967662
1134001307058250488
1009127355864357944
1171813348327924269
1100307730763117235
1100979629429174483
973226363843086619
1061732519182077733
916370202533110048
916680391812923706
1179450498216343074
820121422392572486
918949367497710045
901454156629060149
1046059834905417658
827822298742656908
828670946551175080
882693668626621042
838432318134018290
1130301037961264190
1057275169876915711
1082924199479439552
1143146242508594829
1057666432526658170
912052486450913327
992087689962712434
1096266017008893095
1039580364662854207
1214789166151797515
862842718242474881
913509183056208021
824267725540451043
1110620840348261768
1078793034318454742
920026484191159840
981510629567203681
996778328233846375
1064953526065340295
1080851853377107006
1064992547235937183
971702824494731137
1056123734119677215
839035905300036860
1009461867424880826
1163676227620216330
991525247245496517
976190118625577952
946071980995481440
995355131036434715
901322475426616880
917722097786788212
1014923690342423320
901452112384004660
836611771720754351
1092800823682962144
1136635810076176127
1060094247822430424
807726033056158775
1124186551296199751
1169697633980865616
955789480022094256
1080812215927625765
840976691611042085
1099429360596391184
1100060210761471529
1173973014590775373
1066406250262819276
1091842845725213924
1010321128635031106
1151107929718739212
983971657685854239
1022862158270258379
973379393056025916
1037310530020953867
981848345805636036
860711190056798029
809485979386281095
1023650946727653842
1077899974006615502
1011294497318937410
859190689015191327
1212774540821932640
778481313650978114
1167106664462680168
1026757546727969334
1176583123062975884
854692565348570790
1192026370953504640
1046660788505275500
951844881531946217
1098200889975518550
992022886000019802
1145991068621514311
1199590839077906772
1139310646277402450
880752062601655818
1152622175618698972
790797198840854117
818237089756436977
1173951623066594359
1094968510133896423
1084251170967484520
991614666922719453
1010660375106013895
983751220635049937
1112353983336222513
1066067487616114998
789261079261532748
840079679387870485
817146926177447293
1137062619335049408
1162454259498131244
1014407478641538672
1214697276562649794
999527987953700182
1141371779116134785
1111227011130485641
1123426610249383278
1068246317139792954
1170206889562959306
976057665346308023
1107766398930253877
1086536568415484196
1092351809477351862
871267241839719507
1024558582681031431
921432223576325753
1177862412222995867
1141302145886865700
936311234933733697
1079261468250444992
1137704965281273521
1094808583414993073
1186303434461775181
1117235995751919225
1101432807663232596
1127986742238381509
1168633519292223653
1190214501510744894
874567511540197545
938072681135374762
982575970436822703
1098219848062529899
1127952254436992433
824716064118407919
1115511729783033851
890166479822527531
1130076330884800457
1103906914258271239
1193221349869622129
1091702284986437753
1189321973581871295
826038547063141153
1197839297221165862
1013076828329877831
1063011428038692087
1052123183575362471
833454139625577548
949761060672108665
916696458399575356
923268317854475972
1140560135796551333
1010777725029411551
945723846646263624
1111574687815835839
1149904009361175010
929620430222653376
1041966238569005473
1095268857945979302
829491159445894077
1091340870098825081
780065166063854971
1074452322510347942
824810955262478067
1107932865205137550
1089055766693968230
1065545611963475042
1091341834457406332
826537693234229046
1158973447183096660
1105339538631277856
1177157072133994306
1185157230496352905
783603372416973279
1131130068715199112
1090555573286188287
1078205696016076399
1114495915109608886
1086220353579541418
1067939699698148283
1077856557978884524
817431159310256543
984159861805086833
1086571082726593865
1108278287681619426
1208120628195022396
1141117163700903002
1081856170919673499
1126818203269972762
1098387919685866014
1109809012276150058
1036420344519462418
986322091716622056
906882632129963834
834544745286634615
985816887423526512
946766673072149394
1176883366840895093
1092477290187324937
927926292640414583
1133448297929933102
1129982629495410589
827234621502107475
1164519226414208173
995185717491377389
1167020373713392658
974035047137016309
888400102184294357
848489033546569220
1055787798072665276
954180095640907124
966791152260065029
831204680749784047
936233167325550907
1022803522498579633
983783538035660769
1105136612302316671
1175119547945529785
1186768558985807508
1007990298450738987
1093798955239993851
1104697168164533075
1195459131558394465
1097551662875634568
930164512101706719
1142237308258990211
1004401302553479867
893816207135115524
1196902965715509122
891607307608493183
1057236265627282925
1163829368060240534
914695655774316741
1012281325608562751
852350776736566873
1065705183703648424
810277954790146273
937785652988845462
1037807009189539817
981620200432052613
1056165680335655215
1033031929255270632
969677870366908785
1124291019178940578
967489607615212059
1128661965060150159
831431453048712183
1112093023471943331
935157309577616608
865618078640315334
1145093450950354083
1002592483025512658
930114572025979869
1152620226143979224
908383663621608307
867870823554195454
1138814493269096792
847106683020861913
1099218459817734236
1111001404501021423
1173873021506620399
968475965184589672
801025608265035486
1159114313738370001
1199244017208065022
807651101526588464
1187814139926344073
813927476215386429
951192392903805114
1001541266764237740
1090962490112759365
1109408167270281742
918981324044898787
1118793465152090858
1077604512049165603
1071476530354359587
1089869492689059637
1025510658642076805
1203841638888443629
1071392967288724718
970593219912930881
883059045589491339
1022774748248767651
1165295649408725850
905119320454381264
1131319356003887947
1112973470883078240
767103266722434069
1212977094398360391
1147187495302231597
893748557293930750
857308591864254164
1175549264370578196
1097612753915899812
956233862254373318
922567157977273003
938837185441037794
1151406684663595511
962390273202643711
1047401907024695662
1098148737042321696
959248924999598689
1086918465874357160
1075389062627265602
1200944219610142465
1178996093139112052
1214003882528528331
1159105899501022150
1103564128871970606
836753013260885181
1210895933231815200
1210493477904667705
1012199322591724579
905932037239721740
884016889003515583
1134379406586739829
1157763881353486317
1149510025520415909
903983067902956193
797272345713885868
969625581632112985
1084217800547057758
954029154208148836
1129547128586136144
1078015059752018461
1108879211080168512
1202303709635926093
999173680700921074
1075127500056937409
892039387399810194
966651403500536600
1100769322746092597
1009469126197441733
894439360767154465
824856271396120311
1194632762582105952
1022477405625604168
1106079416788347308
832551949496717344
1000122772410858041
925030613550633729
1032550437727992823
1071037098351635515
886578161598368616
1204442937541895453
800749663086065368
1166743766188291908
1090901197925018121
1053205139862300995
1202004174495273696
883455359496541861
865289207653754816
867778298392959995
971704350762479492
974708591385143967
1025845212286832896
890410066755617851
1021033014834629275
1119757065684330135
1129033534646325400
1176983742890268380
1072779589211538230
1050226021244931412
848229220923367928
1122297379970921131
1105620058957814906
991159230399487066
961719544292161245
1120454886980405278
1079379594135318786
1100653440834356144
876214527596969260
1080815710425021479
799789162319932107
1091083465902099133
1106116944207301127
961493547130416845
1135881918230546524
1170686313055493924
1025698982013308087
884653422492877519
1201284075695436813
897733190214205861
902934019754193517
893755311526161665
1000389023988440740
971704996235717509
1204719801954227830
1183512278043237515
1195417779279692347
1018168327074626322
1087129513242287190
809292669091916902
1070947053216233487
930984199387789343
1134036404737089334
1095641686410153655
1069420393073052137
798962767266141877
1015176156251197284
949209833398927432
975404156856965938
990127415066397564
984806217001561457
1083081084655498550
1048746205818404771
936582054533416286
917829711222054268
903040283112545908
907704648503110480
1006909855504260548
1047412858706029940
954083292833942897
1031219937549271660
1000322451270021755
1033007463598058710
1187779679079231853
1178424243528113952
1093034666472617873
1106433061724055577
1065024080417671088
1134847584196760092
921397269070236279
1006108503991426261
923541174326758098
949339675626028120
777291665162243355
1111574610213729470
1032944260806485156
1052733475295843477
1054666879663941381
860531443776334661
867145455983582183
836129430630523041
992838552648496734
820262644273998412
1195358562820260316
913735200167486621
1034370638603154006
1023888808488770064
1146602830583762006
831142089959745518
1106610030983854332
1116657129289164847
1109834858177124165
989467078369613484
1069344373618298326
1087787486443665860
1025343064041590837
828264896327755677
1071404388941871350
841446364818869550
893570435315563761
821094451476848226
817374743749588379
1136192306728381772
1043052073261558633
1040176695085194009
1150509591437726624
1014496971148572305
1057149943637092820
977478106519286104
971022802137276087
1061651646889067271
1031966527581933366
1093433194340178113
928225330358098823
1084027531537052585
1158054168434607285
1073744977490410870
936644055581992294
1110840756805368388
1090680288369680767
840411712769642781
858630654141189910
1037314848440225550
1075751062739131661
1043153725938662294
823182891221885642
1063024145039495423
1149646743554397454
921066411285098081
1010842824735723243
1031928551854600989
1009824839797878169
1091726881489589385
1085636748629525585
1169013885983535611
1105519588638228078
1087743283191986586
882638886781921900
807280065110937626
988383120927661385
1165361339932654476
830208103564492755
1149431836619028587
1202898087320078105
1092358488137851320
1091263687486055207
819673289521421871
1163974286711352073
1002531362478474430
991337911070600335
1158182479080182034
835215575297564820
1178018019163657748
1025083213627474900
981162887439865059
999613315223998835
989070144782895608
1088705695113958470
1184024370301235727
858768179714405146
1172377443654110221
982727754440876794
1085635303756934222
822147441785377423
1122840625436576677
1195039081610411190
969080425908955269
1082654572769267744
1066061858356133170
911786755571736616
1116636900930078733
1116603242580294635
1089241914900195839
836259098630046884
885921569111666439
938080313453621675
1165115498526600895
1149236376391312273
1030497912645908901
1068599043365999834
1002570288946069705
982611119114314434
1035993415916176808
1123609430529029677
986311531786351332
960513662398539422
1014505689539115670
904908273792529095
1136165053021532471
1050221739063548242
881292178167900726
1090529399174119652
1089535860642862736
1071212478787724436
1027490699585476583
1144562184794388237
1135955101876419749
1100855330409575561
1124239439100231789
1161558509407626093
1025672621370192050
922796841095939761
1115281611386182514
1036335006189208068
951395236967727303
1050752368690341429
998771407038576762
855866809479506624
877383158908344661
1083383246788717048
973085555111217405
1110649568398997929
1097953685929530526
983331560540187503
1192903581929005722
1132027625812546915
991740924129214742
1050728017052194342
905229947234593491
981185634033365228
1166295194029670854
1094388281253753863
1180434410334657864
1101188742379484553
903304948105945728
1106099951787059658
981226222166960403
1133341873576707268
1024390838543144668
1038103407633409130
969234311094210750
1004016778034751037
885201926661406434
1091021126143148688
961950171009135334
1044898303225150977
1107654944753773540
1058773912152023976
1142882545675969061
998644435185433702
966632034364861178
974794775971829429
1012332624512867414
1094451617411265562
1118945862245270444
942883984066970275
1199748360743920159
1126064638619878601
859647257412354861
845988613788188098
834873258912260235
1079136908895738015
996704427124567617
1092178609821174137
929828024262086605
968241156604846869
1210217615683203825
1040515244782148525
1081175425869573366
1149479164192471184
1208055319619864027
997499933374432073
1127922540794949032
1025595873331400857
1125959482867271805
911660686589541411
1158469296501348831
1091031830713362069
788701475542986297
990735033612651555
1041636447425904947
830011003403590603
991768261614042400
1094505515220550704
832996906819389496
836776809029021886
1121277353094492901
827237672053738328
1099013061143326702
1039193156346432955
979967194939443160
895049781534651701
862635287133407097
983247483237345112
1071144450608398448
1116777415445453014
959381063654090345
1040896960754198585
907720354707953490
1159710650809705970
867034983513005028
788181283970794020
1005058345208542146
1030369917441823099
1093795492733605361
1024566846450249486
957328121745235458
840269596065453337
1134906513047172687
1075833658628793680
928111079251292034
1186002222571289815
1101128803104780632
995703534418543976
1209426618951256836
935761589992947967
1209233584051848795
1125481462094595944
1149034485336530670
1152233815386189123
817311258737763726
993494975221286624
1186723099830765151
1044920124956452365
842102426403461441
1178960419537160269
1009389561797975159
1202607074523509182
988392183086784844
1073632141670796603
1067076645886520933
1092029901606606125
1092001412627112221
1148632461753227692
901223974496253485
1075445300503987302
1070659199682903953
1194178087903355318
820674203224430168
1195356666237747672
896517884986686833
1163953219843823359
1055483085575062599
991981523554400591
1193991216815893851
803355552536101640
1158188705990888724
822208257356121745
976856232554335408
968868380931782705
851968905177797186
1010010396670946771
880438643197199866
1042726207857424115
864963170094349234
990615330024050696
1116653824026675237
779827094223635810
971413037535732529
1089428827933064784
1111115247522715443
1184566462574094508
1066271142312109429
785240844733806071
1111404799581285446
969911005062005179
1062685834129210498
1146467298668328949
1111634684478552332
932223204866138211
1116190302494536263
1064283503525345959
883742361299899063
1052493195038031908
1045056271648601675
1164167520424693663
1080425447584368391
888100791617316790
949783169360682107
914191356186622123
1108637807170758439
1018779693941475219
1115382696459820988
994147999247274904
946051037167380317
1187882769261330894
1150537747787505577
1095962477887680421
1154865683133764054
1218966278789794811
1050655445157819903
1108722500807530370
1137654140049489558
1092124460114961756
1051093891952777907
1186964139467982604
1113188576365214034
1068885811289179454
1110792522046146058
1126085801608020181
768200999698270273
1146743712372485298
817313486715931025
1005527611597019254
875092858821168331
896002050303630680
1189097233265147899
1063377875073309038
1060648293203261877
939184433992992243
1060852156118565371
1130768747194577193
1182904186852831827
1006095821656678611
1085600632685733875
1113130743307178261
1131080737838362198
1028749144958377832
1005212012227616789
1085612809756136473
1165360676654613387
929927411252967380
1080339303735258826
1109836953053690694
1018666660918718341
978936719816523438
1173600581055465287
1043445265847357477
818117061639658987
1090636617493057876
1077477233875098818
1210514391650446418
1064484619170740938
1151590403301615327
834872211761237129
894938779171599660
1123112232846957632
1034642416758863558
1178013122154794513
878806092896456103
986380613193940749
1196354278225525048
1097890804682966120
827587049636330363
958643891962751541
1167156634381452448
966733330279363805
822578191198308001
853317650004321922
1142058002012345306
812397098918918427
900501189674641930
1202904237061898031
1083355175113002462
1148768630272662035
1136023191939170511
1095993468016700346
1127112675346599928
1029867510822671559
1083511139977440847
1123879584383656728
829756731869897668
965383172170178435
1062636565008124001
1085006879880838604
866353521058752472
1072882439751312255
1141734879360095951
1010518625773600398
1116404861877359437
1062445551121888289
1042111278269885933
1156915410531469370
1169920613484168416
1153861760123524704
1014530649529807522
967856437266251406
1140900158716640154
1140306302025212459
1138818069755104609
931540430885912642
940766544211535427
1063006730597410035
926404137978060606
1124476813367988544
845004745740011946
1088553114422905850
1112677564637285301
982314241005003374
852552326144345707
1161536955234903894
1106484644167150673
941740644331532909
1142144967583407155
1020672355635265072
989444748267087506
1124906842712524356
1087878821632776691
1040360311155410809
964017219287717677
982302597608186471
1109886891301925734
1188159625319365219
1048358137504535310
1094253823313329022
847442393560196579
891549487731160189
1182679640311996787
1071513278807700794
766894286321774604
939481194196419077
1161685370926642229
901517443448261181
1029525540844129321
1120487724406603825
1007686221081288405
999714874233331113
949717110760972403
1083755632649209596
1130089368537701330
981469219572098387
911345044873579535
1185101513663750739
1171495472882083083
976207133135959010
1026735303665605162
1134749293056731584
1055787518910567611
1154577806663387358
1087077359962896440
1012720373233813721
1162157859305054706
853170162772539008
968411285558925125
948136994777046000
984339788957210793
980901841316943020
832256468877690899
1115360471490467758
1192106617093347303
944843394544182058
1061635318511455996
1194353361636547184
1180747417962629701
990577130417914873
953529657522065735
1158034093463218337
1218595052516978368
1195596499494525612
1127086062429534162
1098472052881225288
1111945520906018336
979525883691541352
1065547623799988323
1201291057024631827
1009551995481936114
974085310379247097
1163036056014082231
976753712508408962
923805632672538338
1135130884606902945
912650226288268364
955793518305493425
1184561977727107234
916457148592003374
933727392868709538
992844865674063456
1024618732399184670
1197544767192716804
1163465153715846558
980199945857123348
1022526855197426780
834814505714322560
1001563822866216887
928616537165660051
801418496780398309
1106312854890642371
1150007514583935558
944127198658531074
1103786050177039308
1156241330072137125
915133476314685651
881886337171088970
1185151966871426690
1034718149510174431
1063524664327399874
986677562475258741
1008701674747847592
904957689850116809
1097314309531137832
1036356407585866248
1099654666183602549
1184452944706143240
892995152242301131
941813291003499124
935775980957500676
891895328830533769
1020981694001929870
952049852669167880
1086147897321225029
1066954878483448383
1113109868749951225
1018550382193116012
845145743956200876
1052575036916494414
1102706253769014609
1116656221679083563
1131440097475381135
1093020835319033734
1035204999257008062
1118184491812988116
784665063811454448
1073272008102436975
1113106198919873782
1171789762535203346
1135242331940028128
1017068620457356663
1111919284446759426
817227169489401221
1139780825384692937
967544208014059060
840940649468511524
1035108067496923014
836689080818451637
881070297371811362
865127396147649463
1093131923865961440
864860434664848302
1114624124722652699
1082841098049958035
1103251618715518561
1112850887673249838
1138365076975686625
986566111494790968
878741564387564965
966554326385625740
967072981268794472
941091315882192462
1018516164403204966
1114625895683545629
985017643669361080
834930139013388430
1039874427311142565
1175797009778105247
893523046042669292
915226636947461338
1057178910095386074
959048877353778768
838078345040035049
1010232680825717291
990296328345744320
1118283451521072431
1151429744834763280
904104969101489837
1152950421891031999
823259031807888076
976829217287935140
1067291706100571818
1205146101173113980
811223134705261826
1124352939611009245
1126070187254089933
1066865723224145459
864974629464314805
1154649549752855805
1191807563645022973
991742181111571735
1068201480507740191
844863473674151332
1148883668037248603
972791439220463807
1099290239330675875
1187364114599912509
1167700722702284382
1075027476640890753
771480977055544485
949638648436079728
1009034781310050310
1085599586493488113
966650886042900247
829116649419455412
1090652945374511460
1161274296921389678
1083153685442292050
1158727571582574220
1061606187032379123
1035620238335007920
948183759186164722
1190829671907165424
1142495069745733967
1073278614254268534
1031912882993747729
1087541712323966230
1011387973284147024
776947351302536424
1034552650054875822
1087732910924856721
814055731128774975
1167461640002582935
1164934843643034173
1033727963467340234
1167817442580580042
976739704498021500
991369301801050272
1025375808068097094
1182308758714734501
1046822378277571738
1142489146060802380
884738335992146647
1125784021125248029
1105374844535797054
994814511058457741
1039199154442658237
1031817091133456108
1121837397555194172
938247273213837752
1207675804423978995
992312181551734187
1176545097659272549
830031109305630669
1158034116140808354
890538879512302663
956104597852044734
1105905817981866740
947105135114298279
978204688923563508
1056624210962789760
859424303965872933
1035537216145439807
1037691784974825384
1134076660737060737
1072204872464801309
939262190264122872
1076531551797581534
1188193879437632126
865885089811301328
1009214368990748749
1122704587681287031
1097270633438862112
1041233775106981043
1098153122422905130
982227912592679499
967407996313274857
1127062543147796425
1164938484145430082
1106216096982462208
976946194228458698
852281086747788875
1111493022156842098
914351179448892593
938712838317973976
1109160961935802705
1150817983915754582
1172830345363369376
1151144545527617852
1133962379531706067
1133347976497578194
1163863467719656118
877304658227431762
1184089105981266541
1119265456110935255
1213384738077626702
959742413172778615
994247427792365513
1008725738936657843
908308061117371246
885540220029716212
1159604531253325245
1027873053473684738
1139199487938959092
1019162390459683817
1147190922478955054
1116033418537746902
1129800272652711711
1131119460069711481
1124706765401254377
896830001372034432
1077952428477598194
1098310976643134956
1207275552106101233
889061662074592271
1041544567952373012
1085454666278777628
986157598643454637
1077348929223301228
1119175706708054121
1105301810824472837
1039349863511621085
1105926409921132461
1035582417741047955
1185925651438990501
967180947220067672
1151117358961231130
1111362841379694625
876224349754113325
1117882360083390427
1040297121352384349
1060784421131783646
1109466641882031683
804111521375743796
886880146362940276
901371448312220209
1164229206735005654
978695894238528118
915540013167973609
988948660053269966
956259377027575240
1077042846915411928
879901786132288976
951407484899417291
1184081630965775971
984131502697701478
883370675388424863
1080209510234321542
1195041360539435194
1161838317521589428
932470376094787691
1165328203233382257
1066239016166543718
1124194558627645516
1110396584542053511
967726012904686175
767530641420366901
1125104062698434226
1104836893713871830
1082245740960160581
1140868779457790834
984125074633747551
1052877480914746570
766883810351845384
1060831870702901747
977670538151522714
960254090030211728
859826761932327729
1163496683571258807
814078062940878144
1116354884928539387
973860521775965633
1056097702656084248
866651692738217949
1032187230732819318
1109425566796759584
1086209365297400735
956556477765627349
1040329987686252400
1136692918350207804
1034551096926266028
941607221092508263
1203131008225563782
1014546830562535081
945765404408742730
945364441965000506
1055383914608631833
1080407548032513787
1069876678484381304
1176495196330722610
1129379907219297716
1091763559706778791
1149953417763106330
994746066117441664
1000695889468597984
1114213697801519328
1031905801168846606
1086304964446829635
906004463907915536
1153317295146512523
1036347242476606981
806826572355241992
983019738394833722
992789948125883979
1053339028401235334
1026832710530333299
984211592210370699
833034534328657978
1044488229366944066
1115435849965498325
1130350372153741391
1041987118247062951
1009404088038855809
878544060095482262
1049921068617589971
1002824350616672520
1174913886633103591
983705682426086333
1092848226893690641
1000732539364295401
1014181092199983669
1163461337797880216
983623128419458980
1053017106300887316
1089047716352012639
886097423990855480
1128339856655768215
1072864019061688179
821570474347857521
1104627045908582170
1038785477449978186
828253875165720475
860113922118535993
937658831428627854
1090521032372181215
1117725044676174705
1085061093080423917
1072553180374287066
1051657781203561271
972524923877381263
1055013705545750402
1128352060855671460
1108008842589718759
1121245988007484109
1205304115689273697
920981176050856532
1066455834796929496
1062415009367876626
905710103752924917
930870327989917713
1177553719209731265
944629175945572126
1066032276659856674
886549499073968998
910912629767637994
1001808418520942580
935877803727362316
1134424747403247789
1091046863319888542
780143563483701632
1181909878923807162
1137032076773657743
1134828939362135562
1154325384365205487
1046054241750766521
1083277358417557914
1080395961020112624
1146086747427035816
1047967420042964585
1217382097164132249
977670823337956763
977407969070704969
1072471908435137177
1106247577436000090
1104814240772962241
1160774534796346657
1194389727707775645
1092010682820895011
1006124254408605916
1071306706273173690
1076602564267962110
1073670315206241612
1202848571903109816
1033374920296467805
1007611305213204144
1012705930955746513
1176065962957201422
847683248896130540
1101447982528972386
893806341672705283
1191347499016245696
967377520767174096
1002549244049007810
899274455010785768
1080658055527586734
997371631646989079
1126050260580948157
1200070743637495660
1065934685211743467
1101351538996717065
1120470173523939363
1005161083412880387
1025480996191985788
1065858858176060621
913741908730710174
1096310851774116019
1158473632469944801
1004770122088133468
1201712333205955928
1072843195037892451
1007371072165000809
1055900695463035108
853543527893716612
966926276555291573
1144013421600974167
1093913449430150772
1167319605220840704
908353498139030385
860075967524698935
948359755836104705
1088374273653013348
984658356416751911
1000224878359129697
995771759885392251
1095456579037038149
1030523744815326641
1126879987114512217
1165192525323846383
1120416398674888719
1069777056010378862
1066760701632104990
1121030801364912653
1042388264974866006
1107624732728533966
1036294505314600437
1131137537749470862
865663654908284873
1114868765155600014
974749303635571369
893214668407403742
1184781825523942719
949726733528864886
1038064056764525645
936636289322519908
993533355996986093
1060500734078274932
1218524169091357244
1024260460208282283
1007362387750930023
1097868567261755478
1174752791953910815
1214001131392091078
1202510662834298125
1149488682918707351
1155142242842246816
999287868143091993
1049560870985282648
881195330537323050
1087000180420718582
1127116371239304194
1058767686059595687
1096224464856361107
1089851250367111979
1044511346501111119
1113299017998306700
1157357154504160826
909175282326425496
1083256886896524680
1000477072133572286
1075751622572524814
1098536844669937269
1105848677422572920
983701266538517434
1090687088484431239
849809659468946971
1001898946822604817
913155604889108593
1047142300578798855
1121357934601254719
967785202165390966
888457844217751519
1216350208192304879
1083698541751189186
1076041041532096952
879048275981115820
1090519574420411612
1178052708078783016
1100758386987797545
1111514348289194111
1066747514031589912
1013369588870007180
1136232663200778614
1137374659116748264
890942593935549534
1129401032471958980
876023595502873887
970310834710178327
871110061387440208
1159545584744356210
975336242667665188
1115952276212246903
1029302043106279376
976775550989488272
854792635064363693
1217873140662117059
1180139584868792437
1167058348141846579
1068787480712886551
1006992466841760235
1089151093610972603
1014268685316347469
1124130081001715757
1103946784465031202
930626286723519485
1070353131086442277
1062619353410518107
1187944431299267035
1009461098827825336
893749333070193919
1205445784466486810
909586006292122542
994253218447072203
1185372241518635835
1031903401418544907
1113721863531241201
1110832002709535290
1060934768189771297
1100105890568746564
1027871345543734527
1042396052506493532
1193335018798394303
1085155066176261708
818579497575387644
832273054296661012
1008915545779167203
1010200888264151585
882108460553768529
986330591099819762
1155051579579231831
1150370769219258177
922654314763299501
1081502006039678404
1128661473075036045
881415808566274623
895390948420269382
1081115836017798350
1002512059888107703
936017409349862695
1148738287977614849
1017878823493778083
916554206396458293
1044874419370019302
1077370643266078840
836380742196099239
1033368425552429401
1020719543491348047
1140234064524943871
828238020486398872
1017333175895576005
1172734803767534944
1218104346434555901
977207453380268315
924269700532009712
979713408233498521
1184925070261862899
945574035604868929
920331926743555626
1101756067277688636
921543151233484417
996206394011768264
1092849223495638802
1156753249769572266
1141222407515279529
947671983918628823
1039528084330881569
987614373033666702
1147365569269359278
1032620620542129171
962042174343638767
970061695288658399
1177398373738012728
948496626641280012
878430112597592463
827272014244021089
892582971189995704
1176998037566975720
1103273669540384369
1187150443662137247
1109029345310099629
1179808853701682025
894229815956029720
1115460501460396000
873478062998472829
1019745708572965065
784733465062690290
917663591364130157
1141260396628607197
1074286239828373089
1175417669825872540
1035745526591117622
1155814785959511145
1045687050808914735
825301564467234572
1164127167082861425
1060254185809770803
991982397751374160
1154386724325196863
836639117953472689
1019517014526463075
1110263022564936768
1009752684753102196
858036167004916467
891729335956639876
1090930805547151908
1150796222315586620
931897513642057813
975121040662547197
988547939970295144
966914669550643112
988993272421138911
1156964533564021877
974371410364658252
1143522206231112603
858089300797114102
951406463445477577
1205515619235206787
1119198207214689418
1073934470603988422
1179253843772320091
1185899441397205137
1198634807196229163
1121876167757188444
768273489419236430
882070592475323983
1046068427321403326
1028260868542391009
936540776354146650
770556189696186520
979801516445033398
1095715911047812866
1123511602992023991
938457967980123594
1094173194688070469
1024938780973825944
1142235429547017346
1118121288267525259
1157058269646447887
941813185107750515
1108750458554529703
996012879169900959
1005515124108669043
768248624608726090
894856571063591208
862800949638875007
1080077376006687266
1215291914714743267
958559085634371120
817302512599115145
1065162670637736918
1038766730160632130
839871830057094419
1117815114206690225
892101988508219543
894246984993518875
894214955672760599
1056996659279990203
1147402245634536123
997763358039109540
1116701291352165495
767548011914050615
941006408180174410
1076867776880340874
1138814951106121051
1204238370726291448
1075324816965000208
1162692034516979662
1056003846779672834
1027589188792336429
967142699905526046
1122817530000688026
1095728051305294609
913621515993797786
1202913967893500741
982933678425365283
824945335139165946
933415594156116115
1078320997109338821
1058864804669368255
1023847460097834506
1079387427902527750
1115604625337867358
1085487927946502976
1128352368289225381
966755545312243214
1180315480312724731
1165362933781906318
878147446643766658
1105915980169737056
1153248936699998307
1014342128746173028
951750798059719904
1114919963731924673
1100458808279764768
1159150161670385658
898618771515892178
997231740549957362
1191521056737556005
1127113732861637625
1083625070199707278
996237331421768142
1152296792728333709
1063448150416908701
967038850643714092
922610973962573484
1103832220155964386
1015147614988696404
1078520536428390189
1192047659163071392
986742190044282766
1196741039777761926
1166691954675286803
1086247179599051722
838267789072346353
966745092623666558
1006579439785522521
1215446627296134814
1186989065216988964
1065338879121219616
1022163547182520272
836720209938646200
827276632600187747
1158321567797278039
826609080267799352
827357960512204646
995244512553069817
983669143074724784
1109428696575110692
1104676212271558467
994497441752680468
1137042670946512035
946069156532464479
1073779238116336003
880534800421881343
1112729964500933597
1000887127710719764
852282798138774093
1087707517125774713
971551263158061920
933327196561986701
1083333388470432201
804842593103206283
1038135166390714490
1071749657235946872
1116734486627795104
848291139855233533
822590597566225059
1015168854346353497
1126263358672718216
1203795744719992523
1040015943566915295
1090640040170811734
845663888506907071
1042010762615693746
1045331267659707061
1132045749667551601
941774708392456817
1198194066179400874
817057027097651580
953753677579612502
1171735422981606875
1096827728234718764
1202513702539860245
1114481415463256481
834540619951659125
1076926521016906666
1135529549320778613
1205404221888666076
1074399594608776859
979352497651444515
960199669070530188
841433674613316909
1196864707579677521
1025657656395537576
1119800724233920173
967487413129522712
1120010410252751665
1080355257129371345
972585835574785183
883276196983181975
1005096545102706645
815494574596069727
1193616947400330368
1082645499607884823
809697717480464540
845263787629613487
1095606241142657681
1107271862687220494
1080444826069711642
965326911048545151
974947761021733582
1055402956926201886
1120335031786166235
993336874717806276
976056401588803510
809896195877888169
827482176532369261
1080870107690938443
1156223331995701652
1039921953318471355
1050052468853532935
1085652551440060554
1086282088938417150
1080768549451892743
1177214592075065224
1087395257088449756
1196083494685833369
988933162863216075
1165594034578098226
1043201530574736309
1041354905405268202
1026495079639791071
911239572144008186
891899606352821386
1017980872686116546
1089965191216103287
1058621888361921415
918550307987816876
1040723332950363141
1060098483912933594
1132366282267402870
1176632391018692033
1044934529958049304
847834880285627890
1119518251661738387
885798563024838397
1007025318346000889
915990135266060551
1009426741580777611
1176476630335820058
929599446712696766
1145103529228001446
870628761957428286
1105387336818461005
1153194335065601096
1031477017564720797
900657606911357460
1213866378665953127
817200983887392131
1036863783065128556
880303901229946352
1067559221802518295
1166241750992711070
785842312555443710
1106439545579609121
1141421396512566716
1162242579566293550
1019532784274182249
1197270129241014534
1071010102918605864
888101297722425271
910559006235289556
1130892251958075834
1197868049390745432
1078985421163385922
1142337091857929404
985038203685364156
1040245078695609145
1121831222995819832
1097806822036980759
1068234035607429175
817908137149028832
1101474369345314422
1085122671654373924
1000407133399468713
831316839307231218
1188768770458841967
833039195201856572
1094620370756728940
903034234819570290
981225591043079441
1006119758184707289
1091671286107564126
826846167931975490
1033884363291199985
863109581278544774
879500810136044987
1119544173569129918
882772055922667128
986447430009792279
879663362976925122
981160951107300575
1149679181793588525
1095376035156623874
892099169235022998
1171433164199787732
817147365074562430
1162232624077599267
1145007645113573487
1165785356996286626
959247557179160160
971532392894528344
948491053564238858
1137011029287405686
992304109173819815
1167025690933165081
1059862769821362327
1125340862345380619
963492284326033182
1071068734011661387
1009436220577360020
855772200870304447
1074955480886541120
1104389391440619014
1081124916202882260
874956582370545855
984484389397463278
1146394954433123241
901544148742661695
1178427385080373025
1086209124303195037
1103367869349905085
1000336376336348800
1106916809914029598
1114249923249010956
1162803714700151871
1067978306575613889
1015603079314220020
968490051559316333
1077637526014899507
1160584352943044787
872852614171545713
997511671277828946
1093134417733238756
787445668190608930
1062005742470397799
846763994681654736
1084469493663635659
1108023684588587252
1045089073269830229
1086879117113975685
1089128907713065377
1099305551292515503
1089663007741864660
1081041099473540263
1024660363659978548
1139197487161678576
1088904439772569873
1052476100159812639
1186725252964194917
831701178109709310
882174235691966036
1098080133217254637
827476389981384556
1094451798153117723
1101422343155041866
877653363861386592
1143618834401820659
849764641094512154
1027117147284088608
915496119992158440
993920270394744661
1166726366624325427
1061445021979609807
1169960503615237390
967543658879972914
1160051068328867627
1177489888377791594
1070546360282437481
1172462469357415529
812538092390108445
1200952340882482950
1133452658919033139
1186347039232004456
934077806780321972
1105931095653974999
1141764595484642046
951160192837457078
969556998679213374
1017684259273610834
810283253410997476
909058207081407377
818864325007067657
886007586383768338
1102179157650176081
1048605347671223156
1026922247130382011
1143262543058462425
997881103880938459
1161174350945223175
1087591931221867817
818646187387616767
1129700425307703995
1059957412237510840
1042793245557377805
1065289785734274064
1116599603514191849
1135870757805574220
1017272838099035565
1154359011615333401
1089144195189550512
1138483107400295509
1085315671514543824
1199899449030120120
1012606148296656042
1035540190698286144
1115426487939669970
1080160318621424229
1107188689572750045
966600174838115017
1167094780884202586
857952842400304880
1199695833267706312
950452982712113306
833406681397165130
980771851842389124
906234980632590105
1113398399853613530
1121049550098873894
1099635894115613039
1171962252273559219
1105122510716756079
913178848464620660
1101958014038126581
1017925684341254840
1100847638634966145
1210601516714970320
1052251995022235613
851898488957127231
1010620122779787964
904065756623195817
1091699551432810613
796065181822060173
987058800312496121
1090190974641593338
853104800088883836
1086499692690709776
902862638538075749
1113509675671466598
1114485714422286758
983294515835463521
968801107739343872
975335105719012131
1041762283074244950
970060441673896414
900478604219683334
1033944231594252789
1001027739810154285
860804620151294801
976479625833867318
1114630726246311457
1079142042211003554
1029335498565439451
919807349363484178
1053892415215917649
1039567086063012409
816040781477188964
914471741180506296
1172550541155971267
1006850512910156201
1113485972904950344
1175567364991275814
1176613674100057508
978302721121144324
832936778494194740
1040026070728926957
972453282791549043
1106251117476540263
1201305173233289241
1081712293436175972
1028730836034343781
911693804971710500
1012947463980755231
984669173884114217
908236723506952040
1106233540485329713
1130752751846806802
955770701848005038
1061896391481488191
890479918113806403
877384113126459734
1024593645612274456
1006957660658923997
1124572364462329205
910879502166952935
1142226883076966525
1157809003868202004
980299800544784425
1062696859568948364
1108417205588271756
1094170020258746178
807279085338799129
1123546605475335634
783443376634935772
984057536478631995
982317306017932914
1139816047660157167
1090631890869514577
945977891836994386
882742993913080438
1175106010672013724
1158042693323027627
1202426685198179521
1132265904477471257
1091158472476196589
1022426635988516900
1144579894061876005
1084132642811462697
1032917254050029724
1034600224225349309
1129473364245973521
1114093662567708747
903691251261611669
1100042928320095779
1151870680749613034
826668084783736636
888771456143917056
1085518964623219558
1166047028193356053
1035738302399771953
1151735228653914960