1035203688168086460
778763161265841481
890095002328610853
1211752161700087083
1208110531299974704
984106517828363349
1217481301531252836
1217053085715485107
1209986153083335158
1209701993929426029
784448220678228461
800815864899415771
858143367356468985
1173191692359768703
831698976089873405
878585965681562011
768365747273056340
1121065701252736567
1207810684945289418
1207881392795122938
887892609124245416
886554014393250663
855517047816771255
1209707891179706483
903303571898472063
931906394678748246
836596421863073964
775789888359782610
1215248354808482218
1209371598104774338
1216002297485668740
1209167957500972561
805195278314519508
883778082594341562
894552273937682724
880534892514982400
1216056004395666907
931512007012650048
1014241558898418245
830510773896272856
832911648132248625
852445385275060830
1204216495486020583
1202590530137253284
900479694578549256
1209181953593935396
1211744623968867617
1215522045161191128
912837788133317724
1171268006329210940
1214993933751338091
1206980514047045812
839558611085349133
807688557354960949
848318135747364351
1214601013410613826
786708730400780813
876011931103651101
829741575478342595
1201748826807595380
1211745813012367650
1217619565147809091
893381127703378146
1000311109311441524
834587122842084475
1020079203222518115
903830135544202908
867135839870202854
1155152691809198766
1218475147590908410
1030350068466019692
768726574016795759
1211496760137689113
1209298089352036994
787036571667088922
916836509871353159
1218459870970248677
1209296385911088767
857042825430121164
1114001199549197320
832800692655327277
1209089636584712632
1215693592530119663
768809027799962739
812094552036190486
823180444425004744
1216043752712853958
833515051385038928
913339145625776252
836835755999342788
1100581138025393004
897139539460204942
860753592237372239
809865700885504168
902916014302207596
768076317731510334
946809607056414616
777205710295345433
849342658995967505
878318142103232907
1019677205098431673
789166775630186057
882888114457713282
917777039353073016
776004440443044051
937774188065101204
978009302809014736
855530921435605688
1078092050664989246
832634397112145954
898121305391200697
897970978326344112
906159169146029844
952131925958384905
777098881940669714
843916328104333682
886999666531731323
1079620626888497486
1088059168988686975
971408767069651759
918189250907220365
806626024182535168
900420181088314885
831970552583056395
892528949344124083
827876058453173134
838085275736757482
831889015869671429
905730286078574330
857332868558500566
1138254942249677742
1150897317533332617
852455074698003039
836828295772957889
812721945562507554
1122167340874425914
1018477313212753754
898186441853776318
836606323472757934
817668228861623746
928108847914589057
1026096682803605870
1053279236128724321
876022745968684318
866420896007969754
805089637593404349
881125066139457061
839420676062339332
819944587060250168
896650770708888947
854767373644076713
829177623045431222
902569748938803801
898096768838677942
861577994110006119
880472656109554171
880778781155864075
857042449394640587
958423903283802665
881830156311997001
769694576496801916
911320742349428744
1053279585699097956
854593583696357016
895245240167040318
1075811850250564922
824894885635013369
1067428863353945820
882254519102673494
850673348101741100
831100268745407469
806493111803401210
966278011927258342
1172051389106515682
812358656900783385
887772348681569186
900735611002360344
882723790480307828
817436609226882468
877084038660699458
817338476584829332
788675347108478517
858999227165747995
892705915785587899
1001534940974132136
899020453189667298
1042482994486402696
967227093809940846
942053544758339202
1053233047330321743
958383439532195363
968803933274255367
810922307190314237
888102678933348280
882742539563822709
880199211770085867
838453868694197493
843116609365901671
882645007956337261
1088571331676113926
883657911603554993
877385370292468056
846307625062988231
904065746347450024
781156790581391771
882171933811828307
1100582092812434286
882513090157409891
1004483087584434909
1086429203719245009
946157263507080040
1177180791780461401
809752704119681183
1047600760128127424
844269232355884415
890918667894765661
817340948054026648
1158092200529332436
922738986195002030
891218395377608809
828671424087108521
929729132405358534
898915835928051166
852415980924442204
855188719022244530
1100826294536456295
817431159601502624
905201170279837394
1113950611695632368
900372729535365633
842773796460998995
852038744760148547
1000026521402926606
862805330899066752
781433958384474541
945702178038082375
786632241522687494
1019975825043623218
1097852172973732930
874574625832268971
1097525503669326714
842887089327079770
767122733527420957
811614405260558604
1044316192441037087
1033456279024883078
895264632479192383
873125264217713781
875222888436956377
978327205339919882
902794068051207777
1014161990176840236
1002945721703152933
833460671465187406
808390884404076611
775789656970237137
986513506555744040
778183854187577654
1102912263666619803
1115280671580274545
1171644115304961408
769801235736984714
892381006526736549
1097964499926853798
834992475498681487
1023171235158207826
1101637212272928503
878537785007299985
898878860268033500
1051984823754653573
837799145528214755
919332717651546617
868338208253640717
1143911270904274171
992690888596516381
940242815162888749
905936953158689549
874787213745203387
1166831539721848736
995152741314467050
810284256749592805
1138260689105864626
882879599442878081
1096479573566406973
813403365694699823
1065157704393387989
935265705053839591
970629017420011092
822141660209426062
768673354734944365
1163846217073025702
944228750903853832
965988016183338907
1104053093897243764
1032437458196023258
960058803048298115
892082253988419733
1039326385370619352
905721148293392121
1105932822114089951
887986216987316139
887494669866149778
809920999413919915
881110854204887588
1105403402122144106
894542039433511203
922533165060687529
865151903316043704
961940615273396965
836684832468665524
1102912516166573468
778186778331075896
993815996197970732
898175075762989501
955866301003783604
845269599106362800
829375674987486138
804999237128200119
863488139273720724
966692301708767071
895239514338276669
1084977044712771004
859195262232492832
866102923998118869
893498913793103081
1127296372279885969
834093248798603357
861431915094095716
1047661012516125152
1088418504991825797
894161188460766486
886087855761569589
916292964643369242
874529813912759463
1009728454881721702
831737395628127231
920872865466941004
849268156422413838
1015485067395949509
1100598249032295292
904740192549800638
876845150696327488
874666139737585846
892341847258436769
1021254029764378306
1200835310657744518
836278983960849574
1111360433678236702
817341373236006297
877919752473077115
877861267642234232
806291777034672116
900960330469075490
885716846179508986
847347447642725855
809487915193584778
1157627617750188900
851224495758664248
874576344344319149
834186321815604328
1199696340012094923
827241527209963356
885503108183774962
817339893433433494
803397321136884492
814575098768004426
817913152610525667
811693274772198671
1052969810253082878
847908728053432821
1034539431656086181
817335888726075795
1055151140671808467
888994900767627278
1104021135241005147
972532651746514064
1093812820191805963
939653933338991115
808081428970010684
1058935264266302409
1159947337437047524
893615158290526454
888434984545339356
842774413870475604
1009807319507822993
858286381077781245
1014321330327754335
913476185572417682
1130137875610719215
898927262963250655
1087586245868299560
1081592318765093405
1005023318907813812
1048327171347943164
1060560897585661328
883275525258260118
1106923560008546853
998617366015604829
1016854500411662619
1138258900298544048
1083076893071963439
852539816376323688
1075951506305516943
862720187637258109
1091566905028283404
819613264492002858
1018032626073205456
1073921725197233598
905067239318782670
1197134505417110601
1072107214804931052
881219901888371244
871140031794569297
870250816239160373
778185715973769527
886620275115089774
917769067765992823
914082414802471082
976541707845800013
890047310281841698
939256724867961335
874561187582459048
842772861518754130
1136725187967938411
973638860086718856
842336652044670280
1116248614926294639
878586874888565148
1008771490694920129
967057499645382730
1063138616574654762
994237671938398148
892138762808545435
902976993830991470
1092790105651695315
847406312498234850
988224044020078891
859565503444373288
876382000408294703
1118825486499925787
989274600796773962
890579900387574862
830375663401202646
907279931968068425
941725495131361898
1110934196623232680
776921648331857127
892358789568947362
1112679042006759352
809463413288817796
905441140111774432
1067847732339602315
898528719048161740
903307669151310465
826849235179549507
1083690213687886523
1005135793349025774
1143371554048553733
780094258353892732
1029506782158027808
947209230363983796
1085314043989087951
855424928781780662
874592104192380079
853774806786762374
1000111280166733364
949319444934680661
976668012616887402
1019353050314527791
1175116565554028977
808971575438370898
973635124805094790
875021148028188871
1053577909463000505
1008701312536636327
990218169140929445
1061557188660055783
903688267675153044
1071178715314305157
934395237081404612
800751026217114330
837004516127885517
782138403832984005
902864270615073384
839065984842580221
997902971922100198
1024660344079637299
978689698060140147
871326473979106389
888006379537629101
1034713743009556188
827488004796756851
910866337379320803
920627772238045750
883443459559668387
1011946115965632470
1094750948490252455
891225702324436074
874598319834758320
880257859986350574